0.66 0.08492958327888889 0.007234058438999999 5.2937372813333324e-05
0.661 0.08118310248444445 0.006609088430500001 4.4164135548333326e-05
0.662 0.07758355320333334 0.00603757850938889 3.689502764277778e-05
0.663 0.07368729871833334 0.0054528795744999995 3.0226821535611114e-05
0.664 0.07062165716777777 0.005004740850111111 2.5391186432833335e-05
0.665 0.06646611882611113 0.004434993012 1.997374474794444e-05
0.666 0.005535493851852223 3.90031256994189e-05 3.025305242742622e-09
0.667 0.005248536047638888 3.5105105004755545e-05 2.474359572023419e-09
0.668 0.005100037209848333 3.304816074380308e-05 2.1694000247541524e-09
0.669 0.0050751317650128335 3.280898260503664e-05 2.1512913087574417e-09
0.67 0.004979380480900444 3.158154515938246e-05 2.0008325629796843e-09
