0.55 0.4400549158666666 0.19365226914444444 0.03750425301555555
0.555 0.42923258606666664 0.18424506658888887 0.033949526027777774
0.56 0.41922830773888886 0.1757569864055556 0.030893758664444448
0.565 0.4081465839666667 0.16659702175 0.027763343403333328
0.57 0.3797678822722222 0.1442311636888889 0.020806967314444452
0.575 0.3865084857 0.14939468622777777 0.022322280280000002
0.58 0.37468485228333337 0.14039466334444445 0.019713979385555556
0.585 0.3581615791333333 0.1283119459166667 0.016480461797222224
0.59 0.35095002300555556 0.1231739493611111 0.015175759041666667
0.595 0.3276356678944444 0.10735413282277777 0.011528773918555554
0.6 0.3256630071333334 0.1060654506938889 0.011253714996777778
0.605 0.3142798681277777 0.09877864768166668 0.009759907818666664
0.61 0.2722880932944444 0.07415194606444446 0.005501813575944445
0.615 0.2600445490388889 0.06763376129111111 0.004577189952888888
0.62 0.26350091875 0.06944234151388888 0.004824908121444445
0.625 0.26152507368333333 0.06840227932944445 0.004680763825999999
0.63 0.2444908143166667 0.05978482249222223 0.0035763867252222217
0.635 0.20846547697777784 0.043470423266111106 0.0018918607304999999
0.64 0.2171386648055556 0.047156903640555546 0.002225226160277778
0.645 0.1752876702833333 0.03073795753888889 0.0009463195550944443
0.65 0.16167617774444443 0.02615100589611111 0.0006851104476
0.655 0.1633667982722222 0.02670103835888889 0.0007142521228777778
0.66 0.13978067021666668 0.01954970358777778 0.0003830560612777778
0.665 0.12923094717777778 0.01671551849388889 0.0002803827770611111
0.67 0.10144456367166667 0.010305618771222222 0.00010680663273555554
0.675 0.090880599525 0.00827088747566667 6.879087375388889e-05
0.68 0.004426168530838 2.4889379836409746e-05 1.2269726376159248e-09
0.685 0.004157533551267222 2.201453347620103e-05 9.718891423723076e-10
0.69 0.00400918310098961 2.0434083253060375e-05 8.31684035653682e-10
