0.4 0.5430026839500002 0.29490671748333336 0.08703438189944444
0.405 0.5266035708055555 0.2773761441277778 0.07700905463999999
0.41 0.5130066458222222 0.2632452197055556 0.06937074277611112
0.415 0.4948925900944445 0.24500884078333332 0.06011684786888888
0.42 0.4815813030055555 0.23200259947222224 0.05390083859166665
0.425 0.4670983110000001 0.21828051669999998 0.047732620403888884
0.43 0.4524609786888889 0.20482339905555552 0.04203581074055556
0.435 0.43954160921111124 0.1933021373055556 0.03744618754944444
0.44 0.4197265276055555 0.1762950552388889 0.03116713602555555
0.445 0.40432514625555543 0.16358640374444447 0.02683053464166666
0.45 0.38623694357222227 0.14930956453888888 0.022370842474444444
0.455 0.36630834384999994 0.13437264465944443 0.018156950994
0.46 0.3500241387833333 0.12268616187388888 0.015133463243722221
0.465 0.3249109394944445 0.10588491803722223 0.011340629196555556
0.47 0.3006633854055556 0.09085445058944444 0.008402011416399999
0.475 0.0967692854633611 0.017662283482042948 0.0011497753373421052
0.48 0.04268324544838888 0.0023540097682304313 1.1184369748587364e-05
0.485 0.037667899594638884 0.0017738222394072523 6.140638023712196e-06
0.49 0.03240993889717834 0.0013311286657558309 3.4199966877913497e-06
0.495 0.02858235339648166 0.001027912988344464 2.03099913978898e-06
0.5 0.02563059635698056 0.0008353273518199556 1.3917177080969648e-06
