0.45 0.5680314292777779 0.32267127822777775 0.10413167464722221
0.46 0.5502889164833334 0.3028291907222222 0.09171918607555557
0.47 0.5272535650833333 0.27803397120555556 0.07734435208999998
0.48 0.5079155989 0.2579970489222222 0.06658182871111111
0.49 0.48645908993333337 0.2366658146666667 0.05603277991833333
0.5 0.4688398031499999 0.2198339492777778 0.04834726641611111
0.51 0.44444000288888896 0.19757410232222222 0.039072262545
0.52 0.4182248092944445 0.17496840441666664 0.03065313268722223
0.53 0.3963631323277778 0.15712692631666664 0.024703418218888894
0.54 0.37190656244444437 0.1383468336 0.019157640218333334
0.55 0.3240818144055555 0.10509009188722224 0.011069690685277777
0.56 0.3082071774444444 0.09506833142555558 0.009066374678555558
0.57 0.25894225502222223 0.0674918471661111 0.0046641405456055544
0.58 0.23894688287777777 0.05715170507111111 0.0032790088723333327
0.59 0.20009817820555553 0.040107233635 0.0016193575998611112
0.6 0.15535100499444446 0.024225961041666667 0.0005955962069888887
0.61 0.09456371361013888 0.00984724206694747 0.00011805524083571806
0.611 0.08545838054453946 0.008478787493662895 9.335010058071073e-05
0.612 0.09573297625555553 0.00936695657237222 9.448867832207777e-05
0.613 0.05146472286609 0.0040022413470809665 3.3718886739673434e-05
0.614 0.056559925252388885 0.004143233322145473 2.9553329178944743e-05
0.615 0.026239267176422776 0.0012973126585464308 7.270769652911731e-06
0.616 0.014351927919030555 0.00026330553920652245 1.4102762782806032e-07
0.617 0.013775814052769998 0.00024048904362888765 1.153322242308934e-07
0.618 0.01298924156644333 0.00021744729250892654 9.94209957784096e-08
0.619 0.01219482686595 0.00019002620256096647 7.263631183489292e-08
0.62 0.011461141025111114 0.00016885459909166497 5.874823862881927e-08
0.63 0.008262666259905 8.714610467175551e-05 1.543755447960467e-08
0.64 0.006665159123635556 5.640662512527708e-05 6.2873414303100565e-09
0.65 0.005711162478336667 4.137291561300805e-05 3.382128858991715e-09
0.66 0.005097719694170556 3.300478102166889e-05 2.1534686032034947e-09
0.67 0.004601830758916111 2.7081481991043994e-05 1.487607630160125e-09
0.68 0.004272654610605944 2.325002291020742e-05 1.080373707463821e-09
0.69 0.004020274084751667 2.0574525136937824e-05 8.460478047144814e-10
0.7 0.003788097883838833 1.828832049919526e-05 6.730958905671824e-10
